0 0
3 3
6 6
7 7
8 8
9 9
10 10
11 11
12 12
13 13
14 14
15 15
38 43
39 44
40 45
41 46
42 47
43 48
44 49
45 50
46 51
47 52
48 53
72 75
73 76
74 77
75 78
76 79
77 80
78 81
79 82
80 83
81 84
82 85
83 86
84 87
85 88
86 89
87 90
88 91
89 92
90 93
91 94
92 95
97 100
98 101
99 102
100 103
101 104
102 105
103 106
104 107
105 108
106 109
107 110
108 111
109 112
110 113
111 114
112 115
113 116
114 117
115 118
116 119
117 120
118 121
119 122
120 123
121 124
122 125
123 126
124 127
125 128
126 129
127 130
128 131
129 132
130 133
131 134
132 135
133 136
134 137
135 138
136 139
137 140
138 141
139 142
140 143
141 144
142 145
143 146
144 147
145 148
146 149
147 150
148 151
149 152
150 153
151 154
152 155
153 156
154 157
155 158
156 159
157 160
158 161
159 162
164 167
165 168
166 169
167 170
168 171
169 172
170 173
171 174
172 175
173 176
174 177
175 178
176 179
177 180
180 183
181 184
182 185
183 186
184 187
185 188
186 189
187 190
188 191
193 196
202 205
203 206
204 207
205 208
206 209
207 210
208 211
213 216
218 223
219 224
220 225
221 226
222 227
223 228
224 229
225 230
226 231
227 232
228 233
229 234
230 235
231 236
234 239
235 240
236 241
237 242
238 243
247 252
248 253
257 262
258 263
259 264
269 278
272 281
273 282
274 283
275 284
276 285
277 286
278 287
279 288
280 289
281 290
282 291
287 296
288 297
289 298
290 299
291 300
300 309
301 310
302 311
303 312
304 313
305 314
306 315
307 316
308 317
309 318
310 319
311 320
314 323
315 324
316 325
325 334
330 339
331 340
332 341
333 342
334 343
335 344
344 358
345 359
346 360
347 361
348 362
349 363
350 364
351 365
363 378
364 379
365 380
366 381
367 382
368 383
369 384
370 385
371 386
372 387
373 388
374 389
375 390
376 391
377 392
378 393
379 394
380 395
381 396
382 397
383 398
384 399
385 400
386 401
389 404
390 405
391 406
392 407
393 408
414 429
415 430
416 431
417 432
418 433
419 434
420 435
421 436
422 437
423 438
424 439
425 440
426 441
427 442
428 443
429 444
430 445
431 446
432 447
433 448
434 449
435 450
436 451
437 452
438 453
441 456
442 457
445 460
446 461
447 462
448 463
449 464
450 465
451 466
456 473
457 474
458 475
463 480
464 481
465 482
466 483
467 484
468 485
469 486
470 487
471 488
472 489
473 490
478 495
479 496
480 497
481 498
486 503
487 504
488 505
493 510
494 511
495 512
496 513
497 514
498 515
499 516
500 517
501 518
502 519
503 520
504 521
505 522
506 523
507 524
508 525
509 526
510 527
511 528
512 529
513 530
514 531
515 532
516 533
519 536
520 537
521 538
522 539
523 540
524 541
525 542
530 548
531 549
532 550
533 551
534 552
535 553
536 554
537 555
538 556
543 561
544 562
545 563
546 564
547 565
548 566
549 567
550 568
551 569
552 570
553 571
554 572
571 589
572 590
573 591
578 596
579 597
580 598
581 599
590 605
591 606
592 607
593 608
594 609
595 610
596 611
597 612
598 613
599 614
600 615
601 616
602 617
603 618
604 619
605 620
606 621
607 622
608 623
609 624
610 625
611 626
612 627
613 628
614 629
615 630
616 631
617 632
618 633
619 634
624 639
625 640
626 641
627 642
628 643
633 648
634 649
635 650
636 651
637 652
638 653
639 654
640 655
641 656
642 657
643 658
644 659
645 660
646 661
647 662
648 663
649 664
650 665
651 666
652 667
653 668
654 669
655 670
656 671
661 677
662 678
663 679
664 680
665 681
666 682
667 683
668 684
669 685
670 686
671 687
672 688
673 689
674 690
675 691
676 692
677 693
678 694
679 695
680 696
681 697
682 698
683 699
684 700
685 701
686 702
687 703
688 704
689 705
694 710
695 711
696 712
697 713
698 714
701 717
702 718
703 719
704 720
705 721
706 722
707 723
708 724
709 725
710 726
711 727
712 728
713 729
714 730
715 731
716 732
717 733
718 734
719 735
720 736
721 737
722 738
723 739
724 740
734 749
735 750
736 751
737 752
738 753
739 754
740 755
741 756
742 757
743 758
744 759
745 760
746 761
747 762
748 763
785 800
801 819
802 820
844 859
845 860
846 861
847 862
