human.ENm001.fa.chimp.ENm001.fa.lav
308552 308844 317546 317254
1125372 1125483 1133021 1132915
1546514 1546548 1552708 1552674
human.ENm001.fa.baboon.ENm001.fa.lav
3309 3742 54259 53845
308552 308855 284214 283906
678699 678958 635609 635349
1121280 1123407 1078501 1076380
human.ENm001.fa.marmoset.ENm001.fa.lav
3309 3760 75313 74864
278534 278687 355532 355360
308552 308830 375385 375107
316950 317031 389033 388953
374550 374616 451341 451271
613273 613686 690512 690106
790012 790227 855305 855083
976388 976617 1056804 1056575
1070392 1070620 1149225 1149012
1391767 1391824 1458595 1458538
1493711 1493797 1557511 1557418
1626312 1626452 1693532 1693401
human.ENm001.fa.galago.ENm001.fa.lav
180357 180658 244319 244042
405245 405809 442998 442428
563522 563690 604350 604185
790022 790221 809943 809739
889726 889890 903580 903431
1366665 1366778 1322270 1322152
1474219 1474761 1434498 1433969
1515783 1515926 1467045 1466903
1779576 1779757 1773301 1773130
1780926 1780984 1771796 1771740
human.ENm001.fa.rat.ENm001.fa.lav
156888 157232 171607 171286
262302 264504 289413 287231
602637 603498 596595 595779
1293572 1293819 1303376 1303123
1422217 1422322 1444327 1444222
1450860 1451293 1466527 1466116
1452447 1452574 1456326 1456211
1779587 1780989 1840918 1839834
1781390 1782569 1839841 1838719
1782887 1783098 1837903 1837695
1869671 1869967 1955943 1955678
human.ENm001.fa.mouse.ENm001.fa.lav
262305 264516 203149 200900
519978 520082 447277 447174
602637 603519 516516 515706
845650 845790 709426 709234
1050687 1051041 898061 897729
1422218 1422322 1299381 1299277
1450957 1451291 1323224 1322915
1779555 1780984 1624351 1623216
1781370 1782634 1623220 1621975
1782591 1783305 1621339 1620438
1843149 1844167 1698387 1697570
1869671 1869967 1719266 1718993
human.ENm001.fa.armadillo.ENm001.fa.lav
3310 3754 26855 26454
human.ENm001.fa.platypus.ENm001.fa.lav
170030 170233 8879 8673
1171832 1172222 762528 762133
1314456 1314551 883051 882956
1324147 1324621 896594 896169
chimp.ENm001.fa.baboon.ENm001.fa.lav
3321 3754 54259 53845
1081198 1081317 1026817 1026689
1130070 1132220 1078516 1076380
1414723 1414898 1354664 1354484
chimp.ENm001.fa.marmoset.ENm001.fa.lav
3321 3772 75313 74864
285976 286129 355532 355360
325729 325810 389033 388953
383422 383488 451341 451271
624648 625061 690512 690106
799252 799471 855305 855083
985806 986035 1056804 1056575
1079096 1079323 1149225 1149013
1399370 1399427 1458595 1458538
1414726 1414898 1476041 1475856
1499351 1499437 1557511 1557418
1632283 1632423 1693532 1693401
chimp.ENm001.fa.galago.ENm001.fa.lav
187395 187694 244319 244042
414272 414836 442998 442428
574332 574500 604350 604185
799262 799465 809943 809739
898769 898933 903580 903431
1374574 1374687 1322270 1322152
1414752 1414911 1362712 1362563
